2	2	27	10	2	27	11	2	10	11	4	11	2	27	11	26	10	2	2	27	27	27	27	9	25	26	2	27	27	2	2	2	2	11	31	28	27	28	27	27	25	26	28	22	23	22	23	14	15	15	15	14	14	11	11	4	4	7	7	7	7	7	29	29	29	29	29	4	11	2	27	2	25	2	27	10	10	25	2	-1
27	4	4	14	27	27	2	2	2	10	25	10	27	10	10	10	10	11	4	26	10	2	26	2	2	11	11	27	27	2	27	27	27	28	31	31	31	31	31	26	31	23	15	23	31	31	15	31	31	15	14	14	4	2	4	3	3	7	7	4	7	7	29	29	4	27	27	27	27	27	27	13	11	2	-1
27	27	27	2	2	27	27	27	27	27	2	11	10	27	27	27	27	2	11	2	13	9	13	27	27	27	27	27	28	31	31	31	31	31	28	31	22	15	15	23	15	15	15	15	31	14	14	13	4	2	7	7	7	7	7	7	7	4	29	29	27	27	27	27	11	2	-1
2	2	10	27	27	10	27	2	10	2	27	27	27	4	2	27	10	27	26	2	27	27	10	27	27	27	27	27	27	2	11	2	11	14	27	27	14	31	31	31	31	31	31	28	22	23	22	21	14	16	19	15	15	14	14	14	14	14	14	4	7	7	7	7	7	29	29	29	4	4	28	27	27	26	14	2	27	10	11	27	11	-1
27	27	10	11	2	26	27	2	26	27	27	11	27	2	2	2	27	27	27	27	26	10	2	26	26	11	27	2	27	27	2	14	9	27	10	27	4	31	4	31	31	31	15	15	15	15	14	14	15	15	15	15	14	14	27	28	27	4	3	7	7	7	4	4	7	7	29	29	4	27	27	27	27	27	2	10	-1
2	10	27	27	11	4	27	27	27	27	2	27	2	11	11	10	10	27	10	2	2	10	10	11	11	27	27	27	27	27	27	10	11	10	27	2	27	27	10	10	10	4	31	31	31	4	4	31	21	21	21	15	15	15	15	15	15	15	15	14	14	14	14	4	3	4	4	7	29	29	29	29	31	4	2	11	11	10	2	27	27	26	26	27	-1
10	10	2	2	2	10	27	10	2	26	26	27	2	14	2	27	2	2	9	2	11	26	11	10	10	10	27	27	27	11	2	2	2	10	27	27	2	2	27	2	27	27	27	27	27	10	2	2	9	26	10	2	10	31	31	4	4	31	31	31	28	4	23	15	23	19	20	20	23	23	15	23	14	14	14	13	3	7	7	4	3	7	7	7	29	29	13	2	4	4	2	27	27	-1
11	27	14	27	27	26	2	26	2	27	2	2	26	27	28	13	28	27	27	27	14	11	27	27	10	10	11	26	27	26	10	10	27	27	27	27	2	2	14	11	10	27	27	26	10	26	11	2	11	14	2	2	10	27	27	26	2	26	4	31	31	31	31	31	31	26	22	22	21	15	23	22	23	19	19	23	14	14	27	14	4	4	29	4	4	7	7	29	29	4	4	4	28	14	27	10	27	27	27	27	27	-1
2	11	27	27	27	2	27	26	26	2	13	27	2	2	2	27	26	11	27	26	27	27	27	27	26	27	2	2	10	2	27	2	25	27	27	27	27	10	11	25	26	2	2	10	27	27	27	2	27	27	27	27	27	27	10	2	2	10	2	14	31	31	31	31	31	31	31	28	23	22	15	23	23	15	23	14	14	11	11	4	4	7	7	4	4	7	29	29	29	29	29	4	29	4	27	27	27	2	10	27	27	14	27	10	2	-1
27	27	27	26	10	2	2	10	9	2	27	26	27	2	27	2	27	2	27	10	27	11	10	2	27	11	11	27	27	27	25	27	27	27	11	4	31	31	31	4	4	4	31	21	23	23	20	19	20	24	14	4	14	14	11	4	4	4	7	4	7	29	29	29	29	29	29	4	4	2	2	2	27	27	27	27	10	11	26	10	2	27	-1
27	27	27	2	10	27	27	27	11	26	27	11	2	27	27	27	2	2	27	2	27	27	27	27	27	11	10	10	2	27	27	27	10	10	10	2	25	27	27	27	27	2	31	31	31	31	31	14	22	22	23	23	15	19	16	16	14	14	14	31	11	14	4	29	7	29	29	29	29	29	4	4	4	27	27	27	27	11	27	27	2	10	10	27	-1
10	27	27	27	27	26	13	10	11	26	10	27	26	2	14	14	14	27	27	27	10	10	10	27	26	2	10	2	2	26	14	27	27	26	2	27	27	2	2	10	27	27	26	2	10	27	4	31	31	31	22	31	22	22	23	14	15	19	15	15	15	15	14	16	11	4	4	4	7	7	4	4	29	4	29	4	4	11	27	14	10	27	27	27	27	27	27	26	27	2	-1
27	27	10	26	27	27	27	27	27	27	26	26	26	27	2	27	27	27	27	27	11	26	13	2	11	27	27	27	27	2	27	27	27	27	26	27	27	27	27	11	2	27	10	26	27	27	10	27	27	10	26	11	11	2	27	10	27	27	2	2	27	4	4	31	31	4	25	22	22	15	22	19	19	15	15	15	14	14	9	11	4	2	4	4	7	7	7	6	7	29	29	4	4	2	11	2	2	26	27	27	27	27	26	27	-1
27	11	10	27	10	27	10	25	10	2	13	2	27	27	26	27	10	2	10	26	26	2	27	25	27	2	10	10	10	2	2	27	11	27	27	27	27	27	11	27	27	27	27	27	11	10	27	13	10	28	31	4	4	4	26	21	21	22	23	15	16	19	19	19	19	15	15	11	11	11	4	13	4	4	7	7	7	7	4	29	4	4	27	2	14	10	10	26	2	27	27	27	-1
27	2	26	27	14	11	11	27	2	27	10	27	27	27	4	27	11	27	10	27	10	10	10	27	2	11	2	27	27	27	27	10	27	2	27	27	10	27	9	27	26	10	14	10	10	26	4	31	31	31	31	31	28	13	23	21	15	15	15	14	16	16	14	14	10	10	14	13	5	7	7	7	7	29	7	29	4	14	11	14	2	10	27	27	11	27	27	27	10	14	27	27	-1
10	27	27	11	26	27	2	27	25	27	27	27	11	27	2	25	10	26	27	27	2	2	27	2	2	2	10	10	27	27	10	10	2	10	10	10	11	2	26	2	27	11	14	2	28	31	31	31	28	28	4	23	23	23	23	20	20	20	23	14	14	31	2	4	4	7	7	29	4	29	4	4	4	4	14	27	27	11	14	-1
10	10	2	10	2	27	27	27	10	27	27	2	2	10	27	26	26	10	2	2	2	10	11	13	2	27	2	2	2	26	26	26	26	23	23	22	18	20	20	19	19	14	14	14	11	4	29	29	4	4	7	4	4	29	4	4	14	2	27	27	27	2	27	27	26	10	26	2	27	10	10	10	-1
27	10	10	2	10	27	27	27	10	2	2	27	27	27	2	27	27	2	27	27	10	2	2	2	2	27	27	10	26	11	27	27	26	27	10	26	27	26	26	27	2	2	10	27	11	4	31	31	31	28	28	4	23	20	20	20	20	20	23	23	13	26	2	29	4	4	4	7	29	29	29	29	4	29	13	11	27	4	2	27	27	-1
10	11	13	27	27	27	27	10	27	27	27	2	2	11	27	27	27	27	27	10	2	2	27	27	27	27	14	26	27	26	26	11	27	2	27	27	27	27	27	2	11	26	10	27	2	26	27	27	2	27	10	11	28	31	31	31	31	15	24	14	23	15	16	14	14	14	14	13	13	4	7	4	7	7	4	4	29	4	4	11	4	13	26	27	2	27	27	27	27	27	2	2	27	26	2	2	27	-1
2	2	27	26	10	10	2	10	11	14	11	26	10	27	27	26	27	27	27	27	26	26	27	4	2	27	10	27	27	2	2	11	27	10	27	27	27	2	2	10	2	26	26	27	2	27	15	26	11	2	10	28	31	31	28	31	31	31	22	23	20	20	22	19	24	15	14	28	2	3	4	4	7	7	7	29	4	31	4	4	14	27	27	10	10	-1
