26	27	4	2	27	2	27	2	10	2	2	27	27	11	2	27	10	27	27	27	2	27	2	27	2	27	27	2	2	2	11	27	27	11	2	2	27	2	3	4	4	4	4	29	29	29	29	29	30	29	4	30	29	29	29	29	4	4	28	28	4	4	2	4	2	2	27	2	2	27	-1
27	2	27	27	2	2	27	27	27	27	27	27	27	27	27	2	26	27	2	27	4	27	4	4	4	4	4	27	27	4	2	27	27	27	26	1	3	4	4	4	29	29	29	29	4	4	29	29	4	4	29	29	29	4	4	29	29	4	4	28	4	4	11	27	-1
27	27	10	27	4	4	27	27	10	2	2	4	27	27	4	4	4	11	11	2	27	2	27	10	26	27	2	2	27	2	10	10	2	2	2	27	27	27	4	11	27	27	1	7	7	4	4	29	29	29	30	30	30	31	4	30	31	31	28	31	4	28	28	28	11	2	28	27	27	4	4	2	11	27	2	-1
27	2	11	10	27	27	26	2	2	2	13	14	2	2	2	2	4	27	4	4	27	10	2	27	2	11	10	27	2	27	2	2	10	2	4	11	27	2	27	2	2	4	7	7	29	29	29	29	29	30	29	31	30	29	4	4	4	4	4	29	4	4	4	4	4	4	27	28	28	4	27	-1
27	26	27	27	27	10	2	27	2	27	27	27	4	28	27	27	27	2	27	11	27	2	4	27	4	27	27	27	27	11	4	27	2	11	2	10	10	27	2	3	2	4	4	29	4	4	29	4	4	4	31	4	4	30	4	4	4	4	4	4	29	4	28	28	28	28	4	4	27	-1
2	28	27	27	27	10	10	10	28	27	27	27	4	27	27	27	4	4	2	10	11	27	26	2	2	27	2	10	2	26	2	2	2	27	27	2	4	7	4	4	29	4	4	29	29	4	4	29	29	4	4	29	29	29	29	4	4	4	31	28	28	4	27	4	27	27	4	-1
10	2	26	2	27	25	2	4	2	2	11	9	13	11	2	10	27	27	27	11	26	2	27	25	27	2	2	10	14	10	27	28	10	2	27	2	2	4	4	29	29	29	29	31	30	29	4	4	29	29	4	4	4	4	4	30	30	4	31	4	4	4	28	27	27	27	27	4	27	-1
2	26	2	27	2	10	25	25	2	2	2	2	2	25	10	2	10	10	10	27	27	4	27	27	27	26	27	11	27	27	2	2	11	1	4	4	4	29	31	29	4	4	4	30	31	4	4	31	30	31	31	8	29	4	4	4	29	28	14	11	2	27	27	27	28	27	27	28	28	10	10	-1
2	2	27	2	2	27	27	27	27	4	4	4	27	27	28	27	28	27	4	4	4	2	2	27	11	4	10	2	27	10	10	27	27	27	4	27	4	27	3	3	4	4	4	4	4	4	29	4	31	31	31	31	31	4	31	31	29	4	31	31	4	4	29	28	28	4	4	-1
27	27	27	27	4	4	2	2	25	27	27	2	2	2	10	2	27	2	2	27	27	10	10	27	27	10	2	27	4	27	4	27	11	13	27	27	4	27	27	4	27	27	2	4	4	4	4	4	29	4	29	31	31	31	29	4	31	29	29	4	4	29	31	11	2	4	4	4	4	11	4	-1
27	10	27	27	25	26	27	2	27	2	2	4	27	4	10	27	27	27	27	27	27	27	27	11	27	27	2	11	27	27	4	27	27	2	27	2	10	27	27	4	4	27	2	7	7	4	4	4	29	4	29	4	4	29	30	30	31	4	4	29	4	4	4	4	31	29	4	4	27	11	4	14	27	10	10	-1
2	25	10	27	2	27	25	27	2	2	27	26	26	27	4	4	4	2	10	27	27	27	27	27	4	28	4	4	27	27	27	2	27	27	27	4	28	4	2	4	4	4	31	29	4	4	4	4	4	4	4	31	4	31	4	4	4	11	14	4	28	4	2	28	27	27	27	-1
10	27	11	4	2	2	2	27	4	27	2	13	2	11	4	4	27	27	28	27	11	2	27	2	2	4	27	27	27	11	2	11	27	27	25	4	29	4	4	29	29	29	29	30	30	31	4	4	4	4	29	28	31	4	14	27	27	4	27	27	27	27	2	2	-1
2	27	27	27	2	10	27	2	28	27	11	2	2	2	27	2	27	11	27	4	27	27	27	27	11	27	27	4	4	27	2	2	4	4	27	2	10	2	4	4	7	4	4	4	31	31	31	31	4	31	31	4	4	4	4	31	4	28	28	28	14	28	4	4	4	27	2	27	-1
2	3	1	3	2	2	27	4	2	27	11	27	4	27	4	4	27	4	27	27	2	11	27	26	10	11	25	27	27	4	27	10	27	2	10	2	27	2	10	3	3	4	4	4	4	31	31	4	29	29	4	4	31	31	31	4	4	31	4	4	4	4	28	28	14	14	27	27	2	2	10	27	2	26	-1
2	2	4	25	2	27	27	28	2	27	27	11	27	2	27	27	4	27	27	10	27	27	2	27	2	2	11	27	27	27	4	28	2	26	10	27	10	10	4	7	7	4	4	31	31	4	31	31	4	31	31	31	31	31	4	4	11	26	27	27	27	4	27	27	2	2	2	2	27	2	11	27	-1
27	2	27	27	11	27	4	4	27	4	27	2	10	27	27	25	27	10	27	27	27	27	2	25	2	26	2	27	27	2	28	4	4	27	11	27	10	2	2	11	27	4	14	27	27	2	27	27	2	4	4	29	4	4	4	29	29	29	4	4	31	30	30	30	29	4	4	4	4	14	4	4	4	4	28	27	4	2	26	-1
27	27	4	4	2	2	25	26	26	11	27	2	2	2	27	2	2	2	2	4	4	27	27	2	27	4	27	4	27	27	2	27	27	4	27	2	11	10	2	27	27	27	27	27	28	2	10	29	4	4	4	4	29	31	31	30	31	4	4	4	4	31	31	4	4	4	4	29	4	31	4	4	4	28	4	11	-1
4	4	4	4	4	27	27	2	27	4	4	4	4	27	2	27	27	2	2	2	27	27	27	27	10	27	27	27	4	27	27	27	28	27	27	11	27	27	27	27	27	11	4	27	27	1	2	4	4	4	29	4	4	4	4	4	4	4	4	31	31	31	4	4	4	4	4	4	4	28	28	4	27	27	27	2	27	27	-1
10	2	27	27	26	27	4	27	27	2	27	27	27	27	27	27	2	27	4	27	4	2	14	4	27	2	27	27	11	2	26	27	10	27	10	27	27	2	29	4	4	4	4	29	31	4	4	31	31	31	31	4	4	4	31	31	31	4	4	28	27	27	11	27	27	26	2	11	2	10	2	4	2	10	27	-1
