27	4	27	4	4	2	4	4	10	11	28	2	26	27	28	27	4	27	2	2	4	27	27	4	28	27	27	4	27	27	27	2	27	27	4	27	10	27	10	9	10	9	10	3	3	3	3	3	3	4	4	31	31	31	31	31	31	29	29	31	4	4	27	27	2	4	27	27	27	27	27	28	-1
11	27	27	2	2	27	27	27	11	27	27	27	27	27	27	10	27	2	27	27	2	2	2	2	27	4	2	2	27	26	10	9	9	2	3	3	3	3	3	3	27	4	4	4	31	29	4	31	28	27	4	26	27	27	27	27	27	27	27	4	2	-1
11	27	27	10	4	2	26	27	27	27	27	4	4	4	27	27	27	27	27	27	27	27	27	4	27	4	4	27	4	27	4	4	4	27	4	27	10	10	9	10	10	9	27	2	3	1	1	3	3	3	27	4	4	31	31	31	31	31	31	4	4	4	13	4	27	27	27	27	27	28	-1
2	2	10	2	2	26	27	4	10	27	27	27	2	4	26	2	26	13	14	27	26	27	27	2	26	27	27	27	2	2	27	27	9	10	9	25	9	2	2	1	1	3	3	3	3	27	4	31	31	11	14	31	4	4	29	4	14	4	14	28	2	2	27	27	4	27	2	-1
4	27	4	4	4	27	4	4	4	4	28	27	27	28	28	11	27	27	27	27	4	2	27	27	4	27	27	2	2	27	14	4	4	4	4	4	4	28	27	10	9	10	27	2	3	1	1	3	3	3	3	3	27	4	4	31	31	31	31	31	29	4	4	4	28	28	2	4	4	4	28	14	14	27	4	-1
27	26	4	4	27	26	27	28	27	27	28	4	2	4	27	27	4	4	27	4	4	27	28	4	4	28	27	4	2	28	2	9	10	9	2	10	25	3	3	1	1	3	3	3	27	27	4	14	31	14	31	31	4	4	31	4	4	4	4	27	28	27	2	28	-1
4	28	4	27	26	4	28	27	27	14	27	14	27	28	27	27	4	4	27	4	4	27	27	2	27	2	4	27	27	26	26	26	10	25	10	10	10	10	10	3	1	1	1	3	3	3	4	4	4	29	29	29	29	4	4	4	28	4	28	2	4	27	2	10	27	27	27	2	27	-1
14	26	27	2	27	4	27	10	27	27	27	27	2	27	27	4	27	28	27	2	4	27	11	13	2	27	27	11	2	2	26	27	4	27	27	4	4	27	2	27	27	27	10	10	10	10	3	3	3	3	3	3	27	27	27	4	4	29	29	4	31	29	4	4	4	14	28	27	27	4	27	27	4	27	4	-1
4	11	26	11	2	27	4	27	2	27	27	27	27	2	2	2	27	4	26	27	2	10	13	28	10	2	11	2	27	27	27	2	26	10	10	10	27	3	3	3	3	3	27	27	27	4	4	4	29	29	29	4	29	29	31	29	31	4	27	2	27	27	2	27	10	2	27	27	4	27	-1
27	27	27	27	27	2	4	27	27	26	2	26	2	27	2	2	27	2	28	27	27	27	2	14	27	28	26	4	11	2	2	2	2	2	10	10	10	10	9	2	5	1	1	3	3	3	3	27	4	4	29	4	29	29	31	31	31	31	4	4	29	28	2	2	2	2	4	26	-1
2	27	27	2	2	27	2	27	27	27	27	14	27	27	4	27	27	4	27	27	4	2	11	27	27	4	4	27	14	13	9	26	25	11	27	7	5	3	1	3	3	27	27	27	4	4	4	4	4	4	31	28	28	4	4	4	2	2	2	2	4	4	27	27	27	-1
27	27	4	2	4	4	11	13	27	27	14	27	27	10	28	27	26	27	2	4	2	2	2	27	27	27	27	27	13	14	27	27	26	10	27	27	4	27	27	27	2	27	2	25	11	27	4	3	1	1	3	3	3	27	27	27	27	4	4	4	4	29	4	4	29	29	4	4	27	27	27	2	-1
2	27	27	2	27	27	26	4	4	25	27	27	28	4	27	2	13	27	4	27	27	4	27	28	27	2	27	2	13	2	4	4	27	27	27	2	26	11	11	11	26	25	2	3	1	1	3	3	27	27	4	27	4	4	4	29	4	4	4	29	29	29	4	4	4	2	4	2	2	27	27	28	-1
2	4	28	27	4	27	4	28	4	4	27	2	27	26	27	11	10	2	2	27	27	26	27	27	27	27	27	4	27	27	27	28	27	27	2	27	2	2	10	10	10	9	10	9	2	3	3	3	3	3	3	27	27	4	4	4	29	29	30	29	4	4	29	4	4	4	4	28	4	2	4	27	-1
4	4	2	27	27	2	2	27	4	4	27	27	4	27	27	27	27	27	27	14	4	27	27	27	27	27	27	27	27	2	27	26	11	11	10	2	3	3	3	3	3	3	27	27	27	27	4	4	4	31	29	29	29	28	4	28	27	4	4	27	4	28	27	27	27	-1
2	4	4	27	27	2	2	2	27	4	26	27	10	27	10	27	2	27	27	27	27	27	27	27	27	14	27	2	2	10	10	10	25	10	27	26	3	1	1	3	3	3	3	11	11	12	12	12	12	12	31	31	4	28	28	28	27	2	27	27	27	27	2	27	27	2	-1
27	11	27	2	2	2	2	26	2	27	27	27	27	27	27	27	27	10	10	27	2	2	27	2	25	27	26	2	27	27	26	9	9	10	2	3	3	3	3	3	27	4	4	4	4	4	4	4	28	4	4	4	27	27	27	27	27	27	11	26	2	2	27	4	4	2	-1
27	28	27	27	4	27	27	27	27	2	27	27	27	2	11	27	2	27	11	28	4	28	10	2	26	27	4	27	4	27	27	10	27	27	2	3	3	1	1	3	3	3	10	27	27	27	4	31	12	12	4	4	4	27	28	28	28	2	4	4	2	27	27	27	27	27	26	-1
27	28	27	27	2	2	27	27	27	27	27	26	27	27	10	27	27	4	4	4	27	4	27	27	27	2	27	10	2	9	9	10	2	3	3	1	1	3	10	27	27	4	4	31	4	4	4	28	2	13	27	13	4	27	27	4	4	27	4	27	26	27	-1
26	2	11	2	2	2	26	2	2	2	27	2	4	27	2	2	2	27	2	27	4	27	26	11	27	27	27	2	26	27	10	13	27	2	27	10	10	2	3	1	3	3	3	3	10	10	14	4	31	4	4	31	32	24	30	31	31	4	27	13	4	2	28	27	-1
