25	25	25	25	27	25	2	10	25	27	27	10	2	27	27	2	27	27	10	2	2	27	2	2	2	25	2	25	2	27	2	4	24	31	31	31	12	10	10	10	10	10	9	10	13	13	13	13	17	13	4	29	4	4	31	31	4	4	31	4	27	27	31	27	27	26	26	10	27	13	27	2	2	2	-1
2	2	2	2	9	9	11	27	2	2	2	27	26	2	2	2	2	2	27	2	2	2	2	2	10	10	10	11	2	27	27	11	10	10	9	10	10	10	9	10	9	16	17	17	12	24	24	31	31	4	4	4	29	29	24	12	31	31	31	4	4	14	4	4	4	31	4	4	4	27	-1
2	27	27	11	2	2	3	2	2	2	27	27	27	27	27	2	27	25	10	27	27	27	27	27	2	11	4	31	31	27	9	25	25	10	10	9	9	13	13	13	17	23	23	31	4	29	4	4	31	4	31	4	4	4	4	4	4	28	13	13	27	2	10	10	10	27	25	26	2	2	-1
2	2	3	2	2	2	2	2	25	27	2	2	2	2	2	2	2	2	2	2	25	27	27	2	27	27	11	11	11	31	14	31	31	11	27	10	10	10	10	10	10	13	13	13	23	23	6	23	29	4	4	4	31	31	4	4	29	30	31	4	4	4	28	2	27	2	11	4	2	10	2	3	-1
13	2	2	2	2	2	2	2	27	2	25	27	25	2	2	26	11	11	9	9	27	26	26	26	26	26	25	27	25	2	27	27	11	11	2	26	10	10	10	10	10	10	10	9	9	9	17	17	17	17	24	29	31	31	31	4	31	31	28	31	12	30	30	11	11	4	14	2	4	4	27	2	2	27	4	4	27	27	-1
2	2	27	2	27	25	27	2	2	10	2	27	27	27	27	10	10	2	2	10	2	27	2	10	10	10	10	10	4	27	4	10	10	10	10	10	10	11	12	12	24	24	23	23	29	31	27	31	4	31	31	31	31	4	4	4	27	2	27	26	27	26	2	27	2	2	-1
2	2	10	2	27	2	2	10	10	2	2	13	2	2	10	2	2	14	2	2	14	28	28	28	27	4	2	2	2	27	11	11	11	4	31	31	31	27	12	10	10	10	10	10	10	13	13	23	23	23	23	23	14	29	4	31	4	31	31	31	4	4	4	27	27	10	-1
27	10	2	2	2	2	2	2	1	2	2	11	2	2	2	2	2	10	2	2	10	2	25	2	27	25	27	2	2	27	27	2	2	27	31	30	24	24	11	11	12	10	10	10	10	9	9	9	16	19	23	17	17	24	24	11	4	27	27	4	31	4	31	4	4	31	31	4	4	31	14	27	2	26	2	2	2	-1
25	25	3	3	3	3	3	3	3	3	3	3	2	3	3	2	2	2	1	3	3	3	2	3	25	2	27	10	10	4	31	4	31	11	27	4	4	9	10	10	9	9	9	13	17	17	17	18	23	23	23	12	4	28	27	27	27	27	27	4	4	4	4	26	28	4	26	25	26	26	26	9	-1
10	10	2	27	10	2	27	2	2	27	2	2	2	2	2	9	10	25	10	2	10	10	10	9	2	2	10	26	10	11	2	4	4	4	31	4	4	10	10	10	9	9	9	9	16	16	13	23	23	23	23	12	28	12	28	27	27	27	27	27	27	27	27	2	2	2	2	1	1	2	25	2	-1
10	25	25	27	2	2	2	10	9	2	2	2	3	1	3	2	25	1	1	2	2	2	2	4	4	4	27	4	27	27	10	10	10	10	9	9	9	13	17	23	23	23	15	28	27	31	31	28	11	27	11	2	11	11	28	31	31	31	14	28	27	2	10	10	2	2	2	25	2	-1
2	25	25	2	2	2	2	25	10	2	2	9	27	25	27	2	2	27	10	2	27	2	2	2	27	9	27	31	31	31	31	31	31	28	10	10	10	10	9	9	9	16	16	16	16	12	12	31	31	31	31	31	4	31	4	27	4	4	31	31	31	31	4	27	25	27	10	27	25	25	2	2	2	25	-1
10	27	27	26	10	10	10	26	2	2	2	10	2	11	10	2	2	10	10	27	1	4	27	4	27	11	11	10	10	10	10	10	9	9	16	17	17	24	24	31	31	31	31	31	31	31	31	31	31	4	4	4	4	4	2	2	25	25	25	-1
25	25	2	25	2	27	2	2	26	25	25	25	25	25	2	27	2	27	25	25	25	25	25	25	27	27	31	31	27	27	27	10	10	10	10	9	9	16	13	17	17	19	23	23	24	24	31	31	28	4	4	4	4	4	31	31	31	31	31	14	27	27	2	27	27	2	10	27	-1
2	2	25	2	2	10	27	2	2	27	9	9	11	10	10	10	10	27	27	10	27	25	9	25	10	10	10	26	2	2	2	27	31	4	27	11	27	27	10	10	10	10	9	9	16	17	16	19	23	23	23	31	31	28	11	27	27	27	4	27	4	4	4	4	4	27	4	4	4	4	29	-1
10	10	10	27	2	9	13	2	27	27	2	27	27	10	2	2	3	2	2	27	2	10	2	2	2	2	2	2	2	11	4	27	27	27	27	27	10	10	10	10	9	9	12	13	23	23	23	23	23	23	31	27	27	27	27	27	27	4	4	4	27	27	3	3	-1
9	10	9	9	9	10	26	2	2	2	2	2	2	2	2	2	2	10	9	10	4	27	27	31	27	10	10	9	9	9	9	16	16	13	17	23	23	23	14	31	28	28	27	4	27	27	27	31	4	27	25	27	4	27	27	2	2	2	2	-1
2	2	2	27	2	2	2	2	2	2	25	2	10	25	25	25	25	2	25	2	25	25	2	2	2	2	25	2	3	25	12	4	4	4	4	27	4	27	27	10	10	10	10	10	9	16	19	17	13	23	23	23	13	15	12	28	28	31	31	28	27	27	4	4	4	31	29	14	31	31	23	23	2	2	2	2	2	-1
2	2	2	2	2	2	2	2	2	2	2	2	9	2	2	27	2	2	2	2	2	2	2	2	27	11	9	10	4	27	27	27	9	10	10	9	10	9	16	23	17	23	14	12	24	4	31	31	4	27	27	4	28	28	28	28	27	13	13	2	4	26	2	25	2	10	25	25	2	25	25	2	-1
2	2	2	2	2	2	2	2	2	2	2	2	2	2	2	2	2	2	2	2	25	2	2	2	2	2	25	11	27	28	27	31	4	4	4	12	10	10	10	10	10	9	10	9	16	16	13	19	23	23	23	29	31	27	31	4	4	27	4	29	4	27	11	10	11	11	9	11	13	10	11	10	-1
