26	27	11	27	27	28	4	27	27	27	2	2	26	27	27	27	27	4	27	27	27	10	10	4	2	27	26	27	27	2	27	26	27	11	26	27	27	27	27	12	12	12	12	12	10	10	10	11	11	11	11	4	11	11	31	31	31	31	31	12	25	10	10	10	10	10	10	10	10	10	12	10	27	27	27	27	27	27	27	27	4	-1
4	27	27	10	4	28	27	27	26	26	27	26	27	2	2	27	28	27	27	27	27	2	27	4	28	2	27	27	27	26	2	27	27	10	27	28	12	12	12	10	10	12	12	12	31	13	11	11	12	29	15	31	28	11	11	9	28	10	10	10	10	10	10	12	27	27	27	27	-1
27	27	27	27	2	27	27	27	27	27	27	27	27	27	27	2	26	2	27	27	27	10	26	4	10	2	27	10	27	2	11	11	2	11	27	27	11	27	10	10	10	10	10	10	10	12	12	12	12	12	31	12	12	28	29	27	10	10	10	10	10	10	10	10	10	10	27	25	27	27	-1
27	4	27	14	4	27	11	27	27	27	26	27	26	27	27	27	14	26	27	27	27	4	2	28	27	27	27	27	28	27	27	26	27	27	27	27	27	27	13	2	27	4	10	27	12	10	12	11	10	11	31	11	15	15	23	23	15	31	28	12	12	12	25	25	10	10	10	10	10	10	12	12	12	12	-1
26	27	14	27	27	27	26	26	27	27	27	26	27	27	27	27	27	27	27	26	27	27	27	27	27	11	10	10	10	10	10	10	12	10	4	23	23	15	23	24	24	14	27	26	28	27	10	10	10	10	10	12	12	12	12	12	27	27	27	-1
27	27	26	27	27	14	27	27	27	27	27	4	27	28	27	26	12	2	10	27	11	10	10	26	26	27	27	2	26	27	27	27	14	27	27	27	26	27	10	27	26	27	27	27	25	27	10	9	10	10	10	10	12	11	23	15	15	15	23	15	13	12	12	10	10	10	10	10	10	11	10	10	10	27	27	27	27	27	26	-1
27	11	27	27	27	4	27	27	27	27	27	2	2	27	2	27	2	2	27	27	27	10	26	2	27	11	26	27	2	2	27	27	2	2	27	2	28	28	27	27	11	27	27	27	12	12	10	10	10	10	10	10	12	15	23	23	15	15	15	31	28	28	27	25	10	10	10	10	10	12	10	10	25	10	27	27	4	27	26	27	4	27	26	27	10	26	26	-1
27	27	28	27	28	27	27	27	27	27	27	27	27	27	27	27	4	27	27	27	11	27	26	27	27	4	10	4	27	27	27	11	4	27	28	2	11	12	12	12	10	10	10	10	10	10	12	11	12	31	12	29	28	11	27	27	10	10	10	10	10	10	10	10	10	10	11	27	27	27	11	14	27	4	27	27	28	28	2	-1
27	27	14	4	27	14	27	27	4	27	27	4	27	27	4	4	11	27	27	27	27	14	27	27	27	27	28	27	27	27	2	13	2	2	27	10	10	10	10	10	11	10	10	10	10	10	12	12	11	11	24	24	29	28	28	25	10	10	10	10	10	10	10	10	10	10	27	27	4	27	28	26	2	27	27	11	27	26	26	-1
27	2	26	27	4	27	27	27	27	27	27	27	14	28	28	28	28	27	27	27	4	14	27	27	27	27	27	27	4	27	4	2	27	28	27	28	12	11	11	12	10	10	10	9	28	12	11	14	14	14	24	14	14	28	27	27	10	10	10	12	12	25	12	10	27	27	4	27	27	11	27	26	-1
27	27	27	27	4	27	27	27	27	11	27	27	28	27	26	28	27	27	27	27	4	27	27	4	27	4	4	27	4	26	27	27	27	26	2	27	4	27	4	4	27	4	27	27	27	10	10	10	10	11	11	11	12	11	15	11	15	12	12	14	11	28	25	10	10	10	10	10	10	11	12	11	27	25	27	27	-1
27	4	4	27	27	27	27	27	28	26	26	28	26	27	11	26	27	27	27	27	27	27	27	27	27	28	27	27	27	28	27	26	4	27	4	14	27	27	27	27	10	11	12	10	10	10	11	10	10	12	14	31	28	31	15	31	31	27	27	27	10	9	10	10	10	10	10	10	10	10	10	10	27	27	12	27	28	28	27	27	27	27	-1
27	4	27	2	13	14	27	11	27	27	14	2	27	14	26	14	27	14	11	27	27	27	27	27	28	27	26	27	27	27	27	27	28	4	27	14	14	4	27	27	27	27	10	11	10	10	10	10	10	10	10	12	31	11	11	12	14	31	11	28	10	10	10	10	10	10	10	10	10	10	10	12	12	27	4	27	27	27	27	4	4	26	27	27	2	-1
27	27	27	27	2	27	27	27	11	26	27	27	27	2	10	27	27	27	27	27	27	11	27	27	27	28	27	27	2	2	26	2	27	27	27	11	27	27	4	27	10	11	10	10	27	10	10	11	11	11	11	15	15	15	15	14	14	15	25	10	10	10	10	10	10	10	10	10	27	10	25	25	27	27	27	27	11	26	2	26	11	-1
27	2	2	2	27	26	27	27	27	4	4	27	2	27	11	4	28	27	4	27	27	27	27	28	27	27	27	26	27	27	27	14	11	28	28	10	3	11	10	10	26	27	27	10	27	27	27	27	27	12	10	27	11	27	10	9	31	12	31	31	31	31	11	11	27	25	9	9	10	10	10	10	10	10	10	27	27	27	27	27	27	27	27	27	11	-1
10	27	27	27	26	14	27	27	26	27	27	27	4	27	27	4	4	27	27	2	27	27	27	27	27	28	27	27	27	27	4	4	28	27	14	11	14	4	28	27	4	28	27	27	27	27	27	27	10	10	11	11	11	11	11	10	11	14	11	11	12	12	12	12	11	11	10	10	10	10	10	10	10	10	10	10	12	27	27	27	27	11	28	28	27	27	27	14	26	-1
2	27	27	2	14	26	27	27	27	27	27	27	14	27	14	27	27	4	27	27	27	27	27	11	2	27	27	25	27	27	27	27	11	2	14	27	2	28	12	11	28	10	10	11	11	10	11	12	14	12	12	31	31	28	12	10	27	10	10	10	10	10	10	10	10	25	27	27	2	27	27	4	26	27	4	27	27	27	27	26	4	-1
27	2	2	27	2	27	27	2	26	4	27	26	2	27	26	27	11	27	27	2	2	2	28	28	26	27	27	27	27	27	2	2	27	4	27	27	11	27	2	2	2	27	12	11	11	11	11	11	11	11	12	12	12	31	31	31	28	4	4	4	4	25	25	27	27	12	11	11	27	11	9	27	25	27	27	27	27	27	27	27	27	-1
2	10	2	2	2	28	27	27	27	27	27	27	27	27	27	4	27	27	4	27	11	11	2	2	27	2	27	27	27	11	27	27	27	27	27	28	14	27	13	13	27	4	27	27	26	10	25	10	11	11	10	10	10	31	31	15	15	15	11	4	27	27	25	25	27	27	27	27	27	27	25	27	27	27	27	27	2	27	27	4	-1
10	27	27	10	27	27	27	2	27	26	27	27	2	4	27	27	27	27	27	27	26	4	27	27	27	27	26	10	27	4	27	10	26	4	27	26	27	14	10	10	10	10	10	10	10	10	11	11	12	12	12	12	14	27	11	27	9	10	9	10	10	10	27	27	10	27	27	27	27	27	4	2	27	27	27	27	4	2	26	-1
