27	27	2	27	2	27	28	4	27	11	27	26	11	4	27	27	27	27	27	27	27	27	27	10	4	27	2	26	2	27	27	2	27	2	27	27	27	4	2	27	27	11	28	4	4	28	28	4	4	7	7	7	5	5	1	1	3	3	27	4	14	14	11	14	27	27	27	4	28	31	31	11	28	4	11	27	4	27	27	2	4	4	25	28	2	4	27	4	28	-1
2	27	27	2	2	11	2	27	27	26	27	25	2	4	4	4	27	27	27	2	11	2	27	4	4	4	4	4	4	4	27	27	2	27	31	4	31	31	29	28	4	4	29	29	7	5	3	5	1	1	3	3	3	27	4	4	4	14	28	27	4	4	28	31	4	27	27	27	4	27	27	27	27	27	27	4	4	4	-1
2	27	27	26	27	27	27	27	27	4	4	14	27	4	4	25	27	27	4	4	27	27	27	27	27	27	27	4	27	27	27	27	27	27	4	11	27	27	27	2	11	4	4	4	4	4	4	4	29	4	7	7	7	7	5	5	5	1	3	2	27	27	4	4	4	4	27	4	4	31	31	4	4	27	2	28	27	26	27	2	27	27	4	14	27	2	-1
10	27	27	26	4	11	4	2	4	27	27	4	27	28	11	27	4	27	27	4	27	11	4	27	27	27	27	27	4	27	10	27	27	2	2	2	4	4	27	4	31	31	4	4	4	28	28	4	4	2	5	5	1	1	3	3	27	27	27	14	4	14	27	4	4	4	4	31	31	4	28	27	27	28	27	27	2	10	27	27	26	-1
10	2	27	2	27	4	27	4	4	4	4	2	27	27	2	25	27	2	2	27	28	27	27	26	27	26	2	4	4	27	27	27	27	11	27	11	27	11	11	4	31	31	31	31	28	28	4	29	7	5	3	3	3	4	27	31	31	31	31	4	28	31	28	14	27	2	2	27	27	2	27	27	27	27	27	27	11	27	27	4	-1
27	27	27	27	27	27	27	4	27	27	10	2	26	27	27	10	4	4	27	27	27	10	27	4	27	27	27	27	27	10	11	27	2	27	27	4	4	4	27	4	27	4	27	4	4	27	4	4	31	4	29	4	7	7	7	7	3	3	3	3	3	27	27	12	4	14	11	11	28	31	4	28	4	11	27	4	27	28	27	2	4	4	27	26	11	-1
27	27	26	27	4	4	27	27	27	27	4	27	4	27	4	27	27	27	27	4	11	27	27	27	27	27	14	26	27	4	4	4	27	4	27	4	27	4	4	31	31	29	4	4	28	28	29	4	7	6	5	3	1	3	3	27	14	14	11	11	14	14	14	27	28	31	31	27	27	27	4	27	11	27	11	25	27	11	25	10	-1
4	11	27	27	27	27	27	27	27	27	4	27	4	2	27	10	10	27	4	27	2	2	27	26	2	27	2	27	11	27	2	10	27	27	11	2	26	11	27	2	2	14	31	31	31	31	4	31	31	4	29	4	7	3	3	1	3	3	3	4	11	31	31	31	31	4	27	4	4	4	31	4	27	4	27	4	2	27	27	27	27	4	26	-1
26	27	28	27	27	4	27	27	27	27	27	4	27	27	27	27	26	27	2	27	27	27	27	27	27	2	4	27	27	27	27	27	4	27	28	4	27	2	27	27	4	27	27	27	4	31	29	31	29	4	29	7	7	1	3	3	4	4	4	4	31	4	28	28	4	4	27	27	27	27	2	27	4	2	10	27	27	4	4	2	27	26	-1
27	4	4	4	27	4	27	27	2	27	27	4	27	4	4	27	27	11	27	27	27	27	27	27	2	2	27	2	27	27	11	2	4	27	27	27	11	27	4	11	4	28	31	31	31	4	4	4	29	4	7	7	3	3	3	3	3	4	4	4	27	27	27	27	27	27	4	4	4	28	27	11	27	4	27	4	2	27	27	27	-1
2	2	2	4	27	27	27	27	2	25	27	4	27	27	27	27	27	25	27	27	27	2	27	2	27	27	27	2	2	27	27	27	27	27	28	31	31	31	4	29	8	7	7	5	3	3	3	3	27	14	14	27	4	14	14	27	27	4	4	31	31	4	4	27	28	11	27	27	28	4	27	27	27	-1
10	27	2	2	2	2	10	27	4	27	25	10	10	11	2	2	10	27	4	2	27	2	27	2	11	2	27	27	27	27	10	10	27	2	4	27	4	4	4	27	27	15	28	11	28	4	31	31	4	4	29	29	4	7	7	7	5	1	3	3	3	27	14	14	11	11	11	14	14	27	4	4	27	4	27	28	28	27	2	4	4	4	-1
4	4	27	10	2	27	4	4	27	27	26	25	27	2	27	4	4	27	27	11	2	27	10	27	27	4	4	27	2	2	27	4	4	4	28	4	2	27	27	28	31	31	4	4	4	4	4	29	7	5	3	1	3	2	27	14	4	4	28	31	4	28	28	28	11	27	27	27	4	4	27	26	27	27	4	-1
4	27	27	27	11	27	27	28	4	27	27	27	27	27	11	27	10	27	2	27	2	27	2	2	27	10	4	27	2	27	2	28	27	4	27	4	27	27	27	11	27	4	2	4	27	4	4	31	4	4	4	28	4	29	7	7	7	5	5	1	3	3	4	4	14	31	31	14	27	27	31	31	31	31	11	27	4	4	2	28	27	27	27	27	27	27	27	4	4	27	27	27	-1
13	27	27	27	4	27	27	28	27	27	2	2	2	27	27	10	2	2	2	10	27	27	27	4	27	2	26	27	27	27	4	4	27	27	27	11	27	2	27	4	27	27	4	31	31	31	31	28	28	28	31	29	29	6	7	7	3	3	3	3	27	27	14	14	27	27	27	27	27	27	4	31	4	27	27	10	4	10	27	2	27	27	27	27	-1
27	27	28	27	27	27	4	11	27	2	11	27	11	27	27	11	27	4	4	4	4	27	4	27	2	11	27	27	10	2	27	11	27	4	4	2	27	11	4	28	31	31	31	4	29	4	7	7	5	5	5	3	3	3	3	10	27	27	2	27	27	27	27	11	4	31	31	31	28	27	4	4	4	26	26	2	27	11	2	4	-1
27	25	27	4	27	11	4	27	2	10	2	10	27	11	11	27	27	26	27	27	4	27	2	27	27	2	26	2	27	11	11	4	27	27	27	27	27	4	28	4	28	31	31	28	28	28	28	4	4	4	7	5	5	3	3	3	3	13	31	14	14	14	14	14	14	4	4	31	31	31	31	4	27	28	28	28	27	2	-1
27	26	27	27	2	2	4	2	27	10	25	2	2	27	27	27	27	11	27	27	27	4	4	2	27	2	11	2	28	4	28	27	10	10	28	27	27	27	27	27	10	11	4	27	28	10	11	31	31	28	28	4	31	4	29	6	5	3	3	3	27	14	14	31	31	4	4	31	4	4	28	31	28	27	2	4	4	4	27	26	26	26	27	2	27	-1
2	2	10	27	11	27	2	27	10	11	27	10	27	9	27	27	27	27	4	4	2	26	26	25	27	27	27	27	27	27	10	27	27	27	27	27	27	27	2	27	25	25	25	25	2	27	2	4	4	27	11	4	27	4	27	11	28	31	31	31	4	29	4	29	5	7	5	1	3	2	2	14	27	14	11	14	11	12	31	29	28	11	14	26	14	27	10	27	4	4	4	4	-1
25	10	27	10	27	27	4	27	27	27	27	2	4	27	4	27	10	10	4	11	4	4	11	11	10	4	4	4	27	27	2	4	11	2	11	11	11	11	4	4	4	4	4	4	4	4	7	7	3	3	5	5	7	3	3	4	4	4	4	4	27	27	27	31	31	31	29	28	27	27	27	4	28	28	27	4	11	27	2	27	4	27	4	27	4	4	27	27	-1
