4	27	2	2	27	11	27	27	27	28	11	26	26	11	11	27	26	2	2	4	27	13	28	27	27	27	26	10	27	10	27	10	10	25	25	10	10	14	14	14	19	19	14	23	23	22	22	22	14	31	22	22	31	31	4	31	31	24	31	28	4	4	11	11	28	27	2	27	27	27	27	27	27	28	27	-1
28	28	28	4	25	25	25	25	25	2	25	25	25	27	27	27	4	27	27	27	27	27	2	27	10	27	27	27	27	11	27	27	2	27	27	27	14	2	27	27	27	27	10	1	25	25	25	10	10	14	14	14	16	14	23	23	22	22	23	23	4	4	31	31	28	14	24	24	22	24	31	31	4	14	28	14	2	-1
27	27	27	27	27	27	2	11	10	27	10	4	11	27	27	27	11	10	10	10	2	27	27	4	10	27	27	11	27	11	4	11	11	27	11	10	27	4	11	10	10	10	10	10	10	13	10	19	19	23	19	19	22	22	22	18	18	18	22	22	22	24	31	31	31	31	31	31	24	14	28	14	11	11	2	27	2	-1
27	27	10	27	27	27	27	27	27	28	27	4	4	27	27	2	27	2	2	13	2	27	27	27	10	2	2	2	27	2	2	27	2	1	10	1	9	10	10	28	14	14	19	19	19	19	18	22	18	18	18	22	14	24	24	31	31	31	14	14	14	14	14	28	2	28	14	-1
25	25	25	2	27	27	27	10	2	27	27	27	4	2	27	27	28	28	4	2	11	27	28	27	27	27	27	11	14	28	27	28	27	28	27	27	10	28	2	11	9	1	9	10	10	12	16	16	16	16	19	16	19	19	19	23	23	14	14	4	31	28	12	31	28	16	11	14	12	12	28	14	-1
28	27	11	4	27	27	25	25	10	27	27	10	27	10	27	10	10	27	2	10	2	28	10	10	27	27	27	10	27	10	27	27	27	27	28	10	27	11	9	11	10	27	10	10	14	14	16	16	16	19	19	19	22	22	23	14	14	28	24	20	15	16	16	13	11	16	28	27	10	26	27	-1
11	4	2	26	4	27	27	27	27	2	27	2	10	11	10	10	10	2	11	27	2	2	2	27	2	4	27	11	26	10	2	2	26	2	26	10	2	11	28	11	13	10	10	9	10	10	10	14	19	18	18	18	19	18	18	18	18	23	22	22	22	15	28	15	15	15	23	23	14	16	11	-1
14	27	28	27	11	11	27	26	10	2	26	27	2	10	10	10	10	11	27	2	10	27	2	11	13	10	11	27	26	2	9	1	9	1	9	10	13	14	19	19	19	19	19	19	18	18	22	22	22	22	22	20	24	14	14	14	23	12	14	14	14	14	2	10	11	10	10	2	2	2	-1
27	27	26	25	10	10	2	2	11	11	10	14	2	27	26	10	10	10	10	11	10	27	10	27	27	10	10	11	27	11	2	10	27	11	1	1	10	10	10	16	10	14	23	19	19	18	22	18	18	22	22	23	23	23	23	14	31	14	24	16	16	14	11	24	12	11	11	11	11	10	-1
11	10	27	13	2	13	2	2	10	2	1	2	2	10	2	11	2	10	2	14	11	27	10	14	2	11	11	2	2	2	2	10	1	1	2	10	25	10	10	9	16	19	19	19	18	22	19	22	18	22	22	22	23	23	28	28	22	22	19	31	28	13	15	31	28	11	11	-1
11	11	11	2	2	26	2	2	26	27	14	11	11	10	2	27	27	2	27	2	27	26	2	27	2	27	27	10	2	10	2	1	9	10	9	9	9	10	14	23	23	13	19	19	18	19	19	18	22	18	23	23	22	22	22	23	23	14	14	14	14	14	14	28	2	2	2	2	13	2	10	10	26	-1
2	2	10	2	13	27	10	10	26	27	2	27	27	27	27	27	11	27	26	27	27	27	27	27	10	2	27	10	10	2	27	27	27	2	10	2	27	26	2	27	27	2	11	27	10	10	9	10	9	10	10	10	10	13	11	23	19	19	19	18	22	22	22	22	22	22	22	23	4	4	23	23	23	23	14	13	-1
13	10	2	2	27	2	2	27	2	2	11	27	27	26	2	2	27	2	26	27	27	27	2	10	10	2	11	11	28	27	2	4	2	10	4	11	10	26	2	2	4	2	27	2	2	10	2	1	10	10	10	10	10	10	14	11	16	19	19	19	23	23	23	22	22	24	20	20	14	14	14	16	16	11	11	11	11	28	10	27	2	2	2	10	2	2	2	13	27	4	-1
2	2	10	14	14	13	27	11	2	2	26	27	27	27	4	26	27	2	10	2	28	2	28	27	27	4	4	25	3	27	11	11	26	4	27	11	27	2	2	1	25	25	10	10	14	13	14	16	14	23	18	23	23	22	22	22	22	23	23	22	23	14	14	23	23	23	29	29	29	13	-1
2	2	25	25	25	27	25	27	11	11	2	27	27	27	27	2	27	27	26	27	27	10	2	27	27	27	2	26	2	1	1	1	25	10	13	4	14	16	19	18	18	19	18	18	18	18	22	22	23	4	14	19	20	19	14	23	23	29	28	28	11	11	11	11	11	26	-1
25	27	2	25	10	2	25	10	10	25	10	2	2	11	11	2	2	10	27	26	2	27	27	11	10	11	10	26	2	2	2	27	10	1	1	2	25	27	14	14	14	14	14	19	19	18	18	18	18	23	14	14	31	31	14	28	13	13	27	14	11	2	11	26	2	26	2	-1
2	2	26	25	2	25	2	2	2	2	2	2	10	2	25	2	2	11	25	2	27	27	2	27	2	2	2	2	27	11	10	18	9	10	2	2	10	10	2	2	11	27	2	2	11	2	2	11	1	1	13	10	27	14	14	14	14	19	19	23	23	23	19	22	22	23	23	22	19	14	16	16	23	19	23	13	-1
2	2	2	27	27	10	27	2	27	11	10	2	2	10	11	2	2	10	2	2	10	27	10	1	10	9	10	9	10	16	14	16	19	19	19	18	23	18	18	22	23	14	31	28	31	31	31	14	14	14	14	14	13	14	11	11	10	27	10	2	11	-1
27	2	2	11	2	2	2	11	2	2	2	10	27	27	11	10	2	2	27	27	27	27	2	27	27	27	2	27	11	10	27	2	27	11	27	11	11	10	27	27	10	1	10	2	2	10	10	2	13	14	14	19	18	19	18	18	18	18	18	22	22	23	22	14	14	14	23	19	23	23	23	15	2	2	27	25	2	27	10	3	1	25	25	25	25	-1
2	25	25	25	2	2	10	25	25	2	2	10	27	27	27	27	27	27	2	27	27	2	27	4	27	27	2	28	2	11	2	27	2	2	2	27	25	27	2	2	2	11	2	27	2	2	10	1	13	25	25	10	10	27	14	16	19	19	18	18	18	18	18	22	22	22	18	22	14	13	14	14	23	23	23	23	24	23	4	28	2	-1
