27	27	27	27	27	27	26	27	2	11	2	27	2	27	27	27	10	2	27	27	27	27	27	4	26	27	27	2	27	27	27	26	16	12	12	12	24	12	12	12	17	24	24	31	11	31	28	28	4	11	4	2	2	2	2	27	27	27	2	26	27	27	-1
27	27	10	27	10	27	27	27	27	2	4	26	27	27	26	11	14	4	27	4	27	27	27	27	2	26	27	27	2	27	10	27	27	27	27	11	12	12	12	14	24	24	24	24	24	24	28	11	4	14	4	26	28	27	28	13	4	27	10	10	27	26	27	27	-1
4	28	4	4	26	26	27	27	27	26	27	26	27	27	28	4	27	2	2	26	27	26	26	27	28	27	27	14	27	27	27	27	2	4	27	27	27	12	12	12	12	12	12	24	24	31	24	14	4	4	27	27	27	26	27	27	26	4	-1
27	27	2	27	28	4	4	27	26	27	27	26	27	4	4	27	27	14	27	27	27	28	27	27	4	27	27	2	27	14	13	12	12	12	12	23	23	23	24	23	24	4	29	14	27	31	4	27	27	26	14	27	-1
10	27	27	27	27	4	2	28	27	27	27	27	27	11	10	27	27	27	27	28	28	27	27	11	2	27	4	4	26	27	27	2	2	27	27	12	12	12	12	23	12	12	24	15	15	23	24	14	11	11	14	4	4	27	26	27	4	27	-1
11	27	27	26	27	27	4	4	11	27	27	27	27	2	27	27	26	27	27	27	4	27	27	27	26	4	27	27	26	27	27	27	14	2	28	27	27	2	14	12	16	16	16	16	16	13	23	23	23	23	19	14	14	14	27	4	4	-1
27	2	26	4	27	27	28	27	27	27	27	4	27	27	4	27	11	26	27	2	26	2	27	27	27	27	2	26	27	28	4	11	2	4	10	11	12	11	12	24	11	13	11	11	15	24	31	14	31	4	4	26	27	27	26	26	27	27	-1
26	27	27	27	27	27	27	27	27	27	28	14	27	27	4	27	27	10	27	14	27	27	27	4	4	27	4	10	12	27	12	12	12	14	14	14	16	14	15	15	15	31	31	28	29	31	4	4	4	4	27	-1
4	27	27	26	2	27	14	27	10	28	27	27	14	27	27	27	27	10	27	4	27	26	27	27	27	27	4	27	4	11	11	11	12	12	12	12	12	23	15	15	23	23	23	31	14	4	4	11	-1
4	14	28	27	4	27	4	26	2	2	27	27	27	13	28	26	28	4	27	4	27	27	27	26	27	27	26	2	27	26	27	27	14	14	14	23	12	23	23	15	15	24	24	15	14	24	14	4	14	28	27	4	4	-1
27	27	27	27	27	27	27	27	27	26	27	27	27	27	27	26	11	27	27	27	27	27	27	26	27	2	27	27	11	27	28	11	12	12	12	12	29	29	29	23	23	4	4	4	4	28	4	27	27	-1
4	27	27	27	27	27	27	27	27	4	27	27	26	28	14	14	28	27	27	27	27	27	27	27	4	27	4	4	28	11	27	27	27	10	11	11	29	12	12	24	12	24	23	23	24	15	15	31	14	28	23	14	4	28	27	27	27	-1
27	27	27	27	27	27	27	27	27	27	14	27	11	27	26	10	28	11	27	26	26	27	26	27	27	27	26	27	27	27	27	27	4	4	27	27	2	12	12	24	12	15	24	15	23	23	15	14	14	14	4	4	14	4	-1
4	27	27	27	27	27	27	27	27	26	28	11	27	27	27	4	4	27	4	27	27	27	27	27	27	27	27	27	2	27	27	2	27	27	26	12	12	12	12	12	12	12	12	12	12	12	31	31	31	28	4	27	28	28	2	-1
26	27	11	4	4	28	4	11	27	27	27	27	2	27	27	27	10	27	4	27	4	28	14	27	27	2	14	4	27	27	27	10	12	12	10	12	12	12	11	12	12	15	15	23	13	29	31	24	24	28	14	13	27	26	-1
27	26	14	27	27	27	14	2	4	14	27	27	27	27	2	27	27	27	27	27	28	27	27	27	26	27	27	2	27	26	27	27	27	12	12	12	12	12	12	24	24	15	15	15	23	14	15	14	14	27	10	27	27	27	27	-1
27	28	27	14	26	14	27	27	27	27	27	2	27	2	27	27	4	27	27	10	2	13	26	4	28	27	27	27	27	27	2	27	27	26	12	12	12	12	12	12	12	24	24	24	24	14	14	27	27	27	27	27	27	27	2	27	-1
27	27	27	27	27	28	27	27	27	26	4	4	2	27	28	27	27	27	27	27	27	27	27	27	27	27	26	11	12	11	10	11	28	14	12	12	12	16	24	12	13	13	13	23	23	24	24	15	15	24	31	28	4	27	4	4	27	27	27	27	27	13	26	-1
28	14	4	27	27	10	28	11	26	27	2	26	27	27	28	27	27	14	4	27	11	11	27	26	27	27	27	27	27	27	27	27	27	27	10	10	11	11	12	12	12	12	15	24	24	15	23	19	4	31	14	12	4	28	4	4	27	2	27	26	-1
27	27	10	10	10	27	11	27	10	27	28	2	26	2	27	27	27	27	27	27	26	2	2	27	27	2	2	14	27	2	14	14	14	14	14	24	24	23	14	23	23	15	15	24	24	15	23	31	24	28	4	14	4	27	27	27	27	27	27	27	26	-1
