28	26	27	26	27	27	28	2	27	2	25	27	2	28	2	27	26	11	27	27	27	14	27	27	27	2	27	27	27	27	27	4	2	4	2	11	26	27	27	26	27	27	26	11	27	27	27	27	4	2	11	10	26	9	10	4	27	11	11	11	4	4	4	7	7	4	7	5	1	1	2	4	4	4	4	4	27	4	4	27	2	27	27	4	27	4	27	26	10	27	-1
27	27	27	2	2	10	2	25	27	27	27	2	4	25	2	27	2	10	27	27	27	27	27	11	26	26	27	4	26	27	27	14	14	27	2	2	2	27	27	27	27	27	14	27	27	4	27	10	10	10	10	9	10	4	27	27	11	11	11	13	27	4	4	4	4	4	7	3	3	4	4	4	4	4	4	27	27	27	27	27	27	4	2	27	2	-1
11	4	27	4	4	27	2	27	27	26	27	27	27	27	4	2	27	2	4	27	27	2	2	27	27	27	27	27	27	4	4	2	27	4	4	27	27	10	10	10	27	25	27	27	4	27	2	27	2	4	4	29	29	7	5	1	1	2	27	4	4	31	4	27	27	27	27	2	2	27	27	27	27	-1
27	26	26	26	28	2	4	27	10	27	27	27	14	27	27	27	27	27	27	27	4	27	27	27	27	28	27	10	27	27	2	4	27	26	27	27	27	27	2	27	10	11	25	10	10	10	10	11	4	11	27	27	27	2	3	3	4	7	7	3	3	3	2	4	4	4	4	4	4	27	13	27	26	27	26	27	27	27	27	25	27	-1
27	27	27	27	27	2	27	10	2	27	27	27	27	4	2	11	11	2	11	27	27	26	27	27	27	2	26	27	27	27	11	27	2	2	27	27	28	27	27	27	27	27	27	2	11	9	10	27	10	10	10	10	10	10	4	27	27	2	2	4	3	4	29	7	7	3	4	4	4	4	4	28	27	2	2	27	14	4	27	10	10	2	26	2	2	27	-1
27	27	4	14	2	27	2	2	27	13	14	27	27	27	27	27	27	27	27	27	27	27	27	26	2	4	2	27	11	27	26	27	2	2	27	27	27	27	4	27	10	10	10	10	10	10	27	2	10	2	2	2	2	3	2	7	7	7	3	3	2	27	4	4	4	4	4	4	27	27	28	2	27	2	27	2	27	27	26	27	27	-1
2	4	27	2	2	27	14	26	27	10	27	27	2	2	27	27	27	26	4	27	27	4	4	26	27	2	26	27	27	27	10	27	2	2	2	27	27	27	11	10	10	10	10	10	10	10	27	10	27	25	2	3	4	4	3	7	3	3	2	4	4	4	4	4	31	27	4	2	27	27	10	27	27	2	27	27	-1
2	2	2	27	10	10	27	27	27	27	2	27	4	27	27	4	4	13	2	2	13	27	27	27	10	10	26	27	27	2	27	27	2	2	27	2	2	27	4	26	10	10	10	10	10	10	10	10	10	4	10	27	27	27	25	2	3	4	3	3	3	3	4	4	4	4	4	2	2	27	27	4	27	2	27	27	-1
27	26	27	27	27	27	27	2	27	2	2	2	10	27	27	27	27	27	27	11	27	27	27	27	27	2	27	13	2	2	2	26	27	4	27	27	2	2	27	27	27	10	10	10	10	10	10	10	10	27	14	14	13	2	4	4	4	4	4	4	5	2	4	4	4	4	4	27	4	4	27	11	14	11	27	2	27	2	10	2	27	27	14	27	27	27	27	-1
27	2	4	27	27	27	27	27	27	2	2	27	27	27	4	27	4	27	27	4	27	27	26	26	27	27	27	27	27	27	27	27	4	4	27	27	27	27	2	2	14	27	27	27	27	10	27	27	10	10	10	2	27	4	2	2	2	2	4	4	4	4	7	2	1	2	14	14	14	4	27	4	27	28	2	2	11	27	4	26	2	27	27	27	27	27	27	27	27	-1
2	11	26	27	14	27	27	27	27	27	27	27	27	27	27	2	27	27	27	27	2	2	27	2	27	2	11	26	11	2	2	27	2	27	26	27	27	2	2	13	27	10	4	4	27	27	14	27	27	2	27	2	27	10	27	11	11	11	4	27	27	13	2	2	4	4	4	4	4	13	2	4	4	27	27	4	4	29	28	4	4	2	28	27	27	27	27	27	27	26	27	27	-1
2	10	27	2	27	27	2	10	27	2	4	27	27	27	27	4	2	27	2	2	14	28	2	2	26	11	10	2	27	27	27	26	10	27	14	27	27	27	2	27	27	4	4	27	27	27	10	27	27	11	27	27	25	4	27	26	27	27	2	2	4	4	4	4	29	5	1	2	2	27	4	27	4	4	4	4	4	27	4	27	2	27	27	11	26	27	-1
27	2	27	14	2	26	10	27	27	10	27	26	27	2	27	2	27	4	27	27	2	27	27	2	2	27	26	26	27	11	27	27	26	2	27	27	27	27	28	2	27	27	4	11	11	11	11	10	27	27	27	11	27	27	27	4	4	4	4	4	29	29	5	2	2	26	4	4	4	4	4	4	27	4	27	4	26	2	14	28	4	4	13	27	27	27	-1
2	11	28	2	26	28	4	28	27	27	14	2	2	28	27	11	27	27	27	13	27	28	11	4	4	2	27	27	2	11	27	2	27	4	4	28	28	4	4	27	27	2	14	4	27	10	27	10	10	10	10	10	10	14	27	27	27	27	4	4	29	4	4	29	3	3	2	4	27	4	4	4	2	4	4	4	4	4	27	4	14	4	27	27	27	27	-1
4	27	27	27	14	4	2	2	11	27	2	4	27	26	27	27	27	2	2	27	27	4	4	4	4	27	2	4	27	2	13	14	27	27	2	27	14	27	10	10	10	10	10	10	10	12	27	27	27	27	27	27	4	4	29	29	4	3	3	4	28	4	4	28	14	27	4	28	4	28	2	26	27	13	27	27	14	27	4	27	11	14	4	2	2	27	2	4	-1
27	28	11	27	27	27	27	28	28	4	14	27	27	27	2	14	11	11	27	27	27	28	28	2	27	4	27	13	27	4	4	27	28	11	2	27	2	27	27	26	2	27	27	27	27	2	27	27	4	2	28	27	27	11	27	27	27	4	27	27	27	27	27	4	4	4	7	4	3	2	4	4	4	4	4	4	27	4	4	14	2	2	2	2	11	26	2	2	2	11	-1
27	4	27	27	27	14	2	13	27	27	28	28	27	4	2	27	27	4	27	27	4	27	27	27	27	2	26	27	2	2	27	27	4	2	27	27	26	4	4	28	27	27	27	27	13	27	27	28	27	27	12	27	10	10	10	10	10	14	27	27	25	2	2	4	4	4	4	3	3	2	27	4	4	4	4	4	28	4	4	27	27	2	27	27	2	27	27	-1
26	28	28	4	4	27	26	27	27	27	4	2	2	27	27	27	11	28	28	4	14	14	27	27	4	11	27	27	27	11	26	2	27	27	27	26	27	14	4	27	28	4	14	27	27	27	27	27	27	27	27	27	27	10	27	14	27	27	27	4	4	4	7	4	3	2	3	27	27	4	4	4	4	27	29	14	4	13	4	4	27	4	28	27	27	27	2	2	27	-1
28	4	4	4	26	4	14	27	27	4	2	14	26	27	14	27	27	2	27	27	27	2	27	4	4	14	26	27	27	14	27	27	27	27	27	27	28	14	26	27	27	4	27	2	27	14	4	4	4	27	27	27	10	10	27	4	27	27	4	4	4	4	29	29	29	3	3	3	4	4	4	4	27	4	4	4	4	27	27	27	-1
10	27	27	27	27	26	27	27	27	4	27	2	27	27	13	2	27	27	2	27	2	27	27	27	2	27	4	11	27	4	26	27	27	27	27	11	11	27	27	26	2	13	27	27	4	27	11	11	27	9	10	27	4	4	27	27	4	4	4	7	4	4	4	3	4	31	4	4	31	4	14	4	14	14	27	10	27	27	27	27	27	27	27	27	27	27	-1
