27	11	4	11	11	4	11	27	11	10	11	11	11	27	10	27	27	27	2	2	2	26	2	2	2	2	11	11	10	27	27	11	2	4	27	27	2	10	27	2	11	11	2	2	1	1	1	1	7	7	5	5	5	7	5	5	5	5	5	5	5	7	3	3	3	3	1	3	5	1	3	3	3	2	4	27	13	11	2	10	2	10	27	11	10	2	11	-1
2	11	10	2	2	11	27	2	27	11	27	11	11	11	10	27	27	26	11	2	11	2	27	2	11	2	27	27	10	11	2	27	2	2	27	10	27	11	2	27	10	10	10	2	2	10	1	1	1	1	1	2	4	5	2	2	6	7	7	5	5	1	1	1	1	1	3	1	1	1	1	3	4	3	1	1	3	2	10	1	3	10	2	27	10	-1
2	11	10	10	11	2	11	27	2	10	10	27	2	2	27	11	27	2	27	11	27	27	11	27	27	27	27	4	27	27	28	10	11	27	10	27	27	27	2	1	2	27	2	2	2	2	1	1	1	1	1	4	5	5	6	6	6	6	5	5	5	5	6	29	4	29	4	4	4	3	4	3	4	3	7	4	3	2	27	4	27	4	4	27	4	2	10	27	-1
27	27	27	11	4	11	11	27	4	27	27	27	10	27	11	4	14	27	11	27	2	11	2	11	27	25	27	2	4	4	11	27	27	27	27	27	2	27	27	10	27	11	27	10	2	27	2	10	10	2	2	1	1	1	1	1	4	7	7	5	6	6	6	5	2	3	5	1	1	1	3	3	3	1	3	1	3	3	3	3	3	3	2	2	4	27	2	27	10	11	27	4	2	27	27	27	11	27	27	27	-1
11	2	11	4	27	27	27	27	10	11	11	4	27	27	27	11	27	27	27	11	27	11	27	27	27	27	2	27	11	11	27	27	27	27	27	4	11	27	27	27	27	27	27	27	27	27	27	4	27	4	2	1	1	1	1	1	4	2	3	2	5	6	6	5	1	1	1	1	5	3	3	3	3	4	4	4	4	4	2	2	3	3	2	3	4	2	27	2	27	27	27	27	11	27	11	11	27	11	27	-1
27	4	27	27	4	27	27	26	2	4	4	27	27	27	27	27	11	2	27	4	27	14	2	27	27	28	27	14	28	27	26	2	27	27	27	4	27	2	9	27	9	25	2	4	7	7	7	7	7	7	7	4	7	7	7	4	4	3	3	4	4	29	4	4	27	4	4	28	2	27	4	27	27	11	26	-1
2	27	2	2	27	2	10	2	25	2	3	2	2	10	2	10	10	2	10	2	2	2	2	2	2	27	2	27	2	10	10	10	27	27	27	2	2	2	2	2	2	2	27	2	25	1	1	1	1	1	2	6	6	6	7	7	8	7	5	5	5	1	5	5	7	3	3	3	3	3	1	3	3	2	4	2	11	26	27	10	27	11	27	10	27	11	2	27	27	11	27	11	-1
11	11	11	10	27	11	2	11	27	27	27	11	11	2	2	4	11	2	27	27	27	27	10	10	10	27	11	26	10	2	11	11	2	28	10	27	27	11	11	10	11	11	4	11	11	2	11	11	27	2	1	25	1	1	2	7	5	5	5	6	6	5	5	5	5	5	1	5	1	3	3	3	3	3	4	3	7	4	3	3	27	27	27	11	10	27	27	27	11	27	27	27	11	2	11	10	11	27	27	27	-1
10	11	11	27	27	27	2	10	27	27	27	10	2	11	11	2	2	11	27	27	2	10	28	2	26	11	27	10	10	27	10	11	27	2	11	27	27	2	27	10	11	2	10	2	1	1	1	1	1	1	1	4	5	5	5	5	5	5	5	5	5	1	1	1	3	3	3	3	3	3	3	3	4	3	1	3	3	25	27	27	27	2	11	27	11	10	2	2	27	27	2	-1
27	2	27	2	11	2	27	27	27	27	11	11	2	27	11	11	10	11	27	2	27	2	27	27	2	2	10	10	11	10	10	27	2	2	13	2	11	2	2	2	1	1	1	1	1	29	5	5	5	5	5	5	5	5	5	1	1	3	3	3	3	3	3	3	1	3	3	3	2	4	2	2	2	11	2	2	27	27	27	27	26	10	10	2	10	11	2	-1
2	2	10	10	10	27	2	2	27	11	2	2	27	10	10	2	27	27	10	27	2	27	27	10	2	2	10	2	27	2	27	2	27	10	2	10	2	10	2	2	2	13	2	2	2	2	1	1	1	2	29	7	5	5	5	5	5	5	5	5	5	5	5	2	7	3	3	4	3	3	3	3	3	3	3	10	3	2	10	2	10	2	27	-1
2	10	2	27	27	11	27	27	4	4	4	4	4	2	27	27	4	27	27	10	27	27	27	25	27	27	11	10	27	27	27	10	10	10	25	1	1	1	1	6	5	5	5	5	5	5	5	5	5	5	1	5	5	5	7	29	29	2	2	3	25	25	25	25	3	3	2	3	2	10	2	27	10	28	10	9	10	11	2	2	-1
10	11	2	2	10	10	27	11	14	10	11	2	2	27	27	27	14	4	27	27	27	28	27	10	11	11	10	11	2	25	11	10	2	27	27	2	10	2	27	10	2	10	10	10	2	2	2	2	1	1	1	2	2	2	5	7	6	6	5	5	5	5	1	1	5	1	3	27	27	27	2	2	3	3	5	13	4	2	2	2	26	11	11	28	26	2	14	14	11	27	-1
2	27	27	27	11	10	27	2	27	11	11	27	2	26	26	25	11	26	2	10	10	27	27	11	27	11	2	2	27	10	27	2	11	26	11	27	26	26	10	27	27	2	1	1	1	1	1	8	5	5	5	3	3	5	1	1	5	1	3	1	1	3	1	3	3	1	25	25	3	3	3	27	27	28	28	11	27	2	27	27	11	14	11	27	27	-1
11	11	11	27	27	11	14	2	27	27	27	27	10	11	27	27	27	27	27	11	27	2	27	11	2	11	4	27	2	11	27	11	11	2	27	27	27	27	2	27	2	2	2	1	1	1	1	1	1	29	7	3	2	2	2	2	5	5	3	1	5	3	3	3	4	2	4	4	3	3	3	3	3	4	28	28	31	27	27	28	28	4	4	28	28	27	28	31	27	-1
27	2	27	27	27	27	27	25	27	27	27	27	27	4	27	2	27	27	27	27	14	28	27	27	27	2	11	2	27	27	2	27	27	27	27	28	2	27	2	27	27	13	13	1	2	1	1	2	2	5	5	5	5	5	5	5	5	5	1	5	1	3	3	3	3	3	1	1	3	3	2	11	4	2	27	11	2	2	2	27	2	27	27	-1
2	4	27	27	28	27	26	28	4	4	4	27	27	27	27	27	4	27	2	2	2	2	27	27	4	27	27	27	27	27	2	27	27	10	27	2	11	11	11	27	10	27	10	2	2	1	2	7	5	5	6	5	5	5	1	1	5	1	5	7	5	7	3	7	3	3	3	1	4	3	2	4	27	27	27	27	27	27	10	27	27	10	27	27	10	-1
27	10	10	27	27	27	27	27	28	11	27	27	27	11	27	27	27	4	27	27	27	27	2	11	27	27	2	27	27	10	27	13	27	10	28	27	2	27	27	27	10	27	27	27	11	2	2	2	1	1	1	1	1	1	4	6	6	7	5	7	2	7	5	5	7	3	2	4	3	4	4	3	3	3	4	4	27	27	27	27	27	-1
27	2	27	27	27	27	11	13	11	14	14	27	27	27	28	27	27	27	27	27	2	4	27	27	28	28	28	28	28	27	27	28	27	27	4	4	28	27	28	27	27	4	11	27	2	2	1	1	1	3	4	29	6	7	2	2	5	5	5	5	5	5	3	3	7	4	3	3	3	3	27	4	2	4	2	27	27	28	27	27	27	28	10	28	27	-1
28	27	27	4	11	4	14	27	10	27	4	27	4	28	27	11	11	27	27	3	3	3	3	2	2	2	3	3	2	2	2	3	2	2	27	3	3	3	4	3	3	3	4	27	27	27	4	2	3	27	27	2	27	2	2	2	2	2	4	7	7	7	7	6	6	5	5	5	1	5	5	4	4	4	4	29	7	3	5	3	3	7	4	4	2	2	27	27	2	10	11	27	10	27	10	2	2	10	2	4	2	-1
