116.439137
134.586083
102.859219
122.753086
112.752227
129.754087
134.092098
124.657124
119.066176
131.164140
116.174169
110.884139
96.051284
129.754087
129.983104
102.136217
128.537101
107.920231
141.165000
126.561162
121.271132
122.910202
130.248072
111.306223
103.582220
4281.495395
11754.869461
11196.007694
9218.971905
3786.641282
13086.007657
7085.236480
11513.136516
160234.169343
5851.481176
9803.526194
4921.469163
11344.239054
9479.890351
3448.279105
6591.689883
8151.457759
1202958.667310
1405892.234098
504053.660955
834748.611341
1108722.734780
1605904.081338
467800.671504
545023.205301
706542.452415
814641.583669
1941766.774354
925561.469896
822523.718702
784417.417385
736439.718137
879844.091248
1608185.667291
458586.772506
633624.674155
700434.607839
1256750.708500
739648.021949
1252684.542336
1309279.491069
1509596.678023
1374579.854201
485873.664754
859740.275138
114784.799397
8160.308200
6346.878545
2967.774504
9105.997220
11013.816569
6554.799480
16094.137200
9843.403152
2321.597297
1259.005682
12442.737106
24382.853547
11425.779797
5436.519410
7803.516805
4769.280620
6906.528535
6732.069411
21445.958988
7202.722274
9434.735357
4427.078415
7560.974327
1743.912202
5163.564262
14759.650295
4596.320753
7354.635199
3416.184746
4425.920014
5948.485903
9653.011326
128128.683085
788212.967797
159019.785953
685804.442624
1808851.538187
1827752.184761
911748.931807
741450.508020
472251.385436
1050265.708872
1507912.510019
740279.362316
355963.539747
149336.208697
250259.039772
37607.852077
99573.308808
25490.423092
52118.133426
611070.879244
443593.889424
659609.385620
928970.366102
302081.232539
35195.221698
516741.198892
278097.627685
135194.129681
239092.023912
127700.713994
75935.133698
167241.320402
34188.980267
21498.246795
8664.654558
5494.592561
4830.955466
14518.589787
6970.956931
5330.605645
4306.535505
7733.516108
18498.224706
8836.352169
16784.445461
9682.747617
25752.092470
9700.617530
